(kicad_pcb (version 20171130) (host pcbnew "(5.0.0-3-g5ebb6b6)")

  (general
    (thickness 1.6)
    (drawings 10)
    (tracks 56)
    (zones 0)
    (modules 16)
    (nets 13)
  )

  (page A4)
  (layers
    (0 F.Cu signal)
    (31 B.Cu signal)
    (32 B.Adhes user hide)
    (33 F.Adhes user hide)
    (34 B.Paste user hide)
    (35 F.Paste user hide)
    (36 B.SilkS user hide)
    (37 F.SilkS user hide)
    (38 B.Mask user hide)
    (39 F.Mask user hide)
    (40 Dwgs.User user)
    (41 Cmts.User user)
    (42 Eco1.User user hide)
    (43 Eco2.User user hide)
    (44 Edge.Cuts user)
    (45 Margin user hide)
    (46 B.CrtYd user hide)
    (47 F.CrtYd user hide)
    (48 B.Fab user)
    (49 F.Fab user)
  )

  (setup
    (last_trace_width 0.635)
    (trace_clearance 0.3)
    (zone_clearance 0.3)
    (zone_45_only no)
    (trace_min 0.2)
    (segment_width 0.2)
    (edge_width 0.15)
    (via_size 1.6)
    (via_drill 0.8)
    (via_min_size 0.4)
    (via_min_drill 0.3)
    (uvia_size 0.3)
    (uvia_drill 0.1)
    (uvias_allowed no)
    (uvia_min_size 0.2)
    (uvia_min_drill 0.1)
    (pcb_text_width 0.3)
    (pcb_text_size 1.5 1.5)
    (mod_edge_width 0.15)
    (mod_text_size 1 1)
    (mod_text_width 0.15)
    (pad_size 1.524 1.524)
    (pad_drill 0.762)
    (pad_to_mask_clearance 0.2)
    (aux_axis_origin 121.92 100.33)
    (visible_elements FFFFFF7F)
    (pcbplotparams
      (layerselection 0x01000_fffffffe)
      (usegerberextensions false)
      (usegerberattributes false)
      (usegerberadvancedattributes false)
      (creategerberjobfile false)
      (excludeedgelayer true)
      (linewidth 0.100000)
      (plotframeref false)
      (viasonmask false)
      (mode 1)
      (useauxorigin true)
      (hpglpennumber 1)
      (hpglpenspeed 20)
      (hpglpendiameter 15.000000)
      (psnegative false)
      (psa4output false)
      (plotreference true)
      (plotvalue true)
      (plotinvisibletext false)
      (padsonsilk false)
      (subtractmaskfromsilk false)
      (outputformat 1)
      (mirror false)
      (drillshape 0)
      (scaleselection 1)
      (outputdirectory "./"))
  )

  (net 0 "")
  (net 1 GND)
  (net 2 "Net-(C1-Pad1)")
  (net 3 "Net-(J1-Pad1)")
  (net 4 "Net-(J2-Pad1)")
  (net 5 +5V)
  (net 6 RPM)
  (net 7 "Net-(R1-Pad2)")
  (net 8 "Net-(R2-Pad2)")
  (net 9 "Net-(R5-Pad2)")
  (net 10 "Net-(R5-Pad1)")
  (net 11 "Net-(R6-Pad2)")
  (net 12 "Net-(R8-Pad1)")

  (net_class Default "This is the default net class."
    (clearance 0.3)
    (trace_width 0.635)
    (via_dia 1.6)
    (via_drill 0.8)
    (uvia_dia 0.3)
    (uvia_drill 0.1)
    (add_net +5V)
    (add_net GND)
    (add_net "Net-(C1-Pad1)")
    (add_net "Net-(J1-Pad1)")
    (add_net "Net-(J2-Pad1)")
    (add_net "Net-(R1-Pad2)")
    (add_net "Net-(R2-Pad2)")
    (add_net "Net-(R5-Pad1)")
    (add_net "Net-(R5-Pad2)")
    (add_net "Net-(R6-Pad2)")
    (add_net "Net-(R8-Pad1)")
    (add_net RPM)
  )

  (module Capacitors_SMD:C_1206_HandSoldering (layer B.Cu) (tedit 58AA84D1) (tstamp 5B8EB76B)
    (at 144.78 92.71 270)
    (descr "Capacitor SMD 1206, hand soldering")
    (tags "capacitor 1206")
    (path /5B8EAE19)
    (attr smd)
    (fp_text reference C1 (at 0 1.75 270) (layer B.SilkS)
      (effects (font (size 1 1) (thickness 0.15)) (justify mirror))
    )
    (fp_text value 100n (at 0 -2 270) (layer B.Fab)
      (effects (font (size 1 1) (thickness 0.15)) (justify mirror))
    )
    (fp_line (start 3.25 -1.05) (end -3.25 -1.05) (layer B.CrtYd) (width 0.05))
    (fp_line (start 3.25 -1.05) (end 3.25 1.05) (layer B.CrtYd) (width 0.05))
    (fp_line (start -3.25 1.05) (end -3.25 -1.05) (layer B.CrtYd) (width 0.05))
    (fp_line (start -3.25 1.05) (end 3.25 1.05) (layer B.CrtYd) (width 0.05))
    (fp_line (start -1 -1.02) (end 1 -1.02) (layer B.SilkS) (width 0.12))
    (fp_line (start 1 1.02) (end -1 1.02) (layer B.SilkS) (width 0.12))
    (fp_line (start -1.6 0.8) (end 1.6 0.8) (layer B.Fab) (width 0.1))
    (fp_line (start 1.6 0.8) (end 1.6 -0.8) (layer B.Fab) (width 0.1))
    (fp_line (start 1.6 -0.8) (end -1.6 -0.8) (layer B.Fab) (width 0.1))
    (fp_line (start -1.6 -0.8) (end -1.6 0.8) (layer B.Fab) (width 0.1))
    (fp_text user %R (at 0 1.75 270) (layer B.Fab)
      (effects (font (size 1 1) (thickness 0.15)) (justify mirror))
    )
    (pad 2 smd rect (at 2 0 270) (size 2 1.6) (layers B.Cu B.Paste B.Mask)
      (net 1 GND))
    (pad 1 smd rect (at -2 0 270) (size 2 1.6) (layers B.Cu B.Paste B.Mask)
      (net 2 "Net-(C1-Pad1)"))
    (model Capacitors_SMD.3dshapes/C_1206.wrl
      (at (xyz 0 0 0))
      (scale (xyz 1 1 1))
      (rotate (xyz 0 0 0))
    )
  )

  (module Wire_Pads:SolderWirePad_single_1-2mmDrill (layer F.Cu) (tedit 0) (tstamp 5B8EB770)
    (at 127 83.82)
    (path /5B8EC2FD)
    (fp_text reference J1 (at 0 -3.81) (layer F.SilkS)
      (effects (font (size 1 1) (thickness 0.15)))
    )
    (fp_text value "PHASE A" (at -1.905 3.175) (layer F.Fab)
      (effects (font (size 1 1) (thickness 0.15)))
    )
    (pad 1 thru_hole circle (at 0 0) (size 3.50012 3.50012) (drill 1.19888) (layers *.Cu *.Mask)
      (net 3 "Net-(J1-Pad1)"))
  )

  (module Wire_Pads:SolderWirePad_single_1-2mmDrill (layer F.Cu) (tedit 0) (tstamp 5B8EB775)
    (at 127 96.52)
    (path /5B8EC379)
    (fp_text reference J2 (at 0 -3.81) (layer F.SilkS)
      (effects (font (size 1 1) (thickness 0.15)))
    )
    (fp_text value "PHASE B" (at -1.905 3.175) (layer F.Fab)
      (effects (font (size 1 1) (thickness 0.15)))
    )
    (pad 1 thru_hole circle (at 0 0) (size 3.50012 3.50012) (drill 1.19888) (layers *.Cu *.Mask)
      (net 4 "Net-(J2-Pad1)"))
  )

  (module Pin_Headers:Pin_Header_Angled_1x03_Pitch2.54mm (layer F.Cu) (tedit 59650532) (tstamp 5B8EB7B5)
    (at 157.48 88.9)
    (descr "Through hole angled pin header, 1x03, 2.54mm pitch, 6mm pin length, single row")
    (tags "Through hole angled pin header THT 1x03 2.54mm single row")
    (path /5B8EC4DC)
    (fp_text reference J3 (at 4.385 -2.27) (layer F.SilkS)
      (effects (font (size 1 1) (thickness 0.15)))
    )
    (fp_text value "JR Connector" (at 4.385 7.35) (layer F.Fab)
      (effects (font (size 1 1) (thickness 0.15)))
    )
    (fp_text user %R (at 2.77 2.54 90) (layer F.Fab)
      (effects (font (size 1 1) (thickness 0.15)))
    )
    (fp_line (start 10.55 -1.8) (end -1.8 -1.8) (layer F.CrtYd) (width 0.05))
    (fp_line (start 10.55 6.85) (end 10.55 -1.8) (layer F.CrtYd) (width 0.05))
    (fp_line (start -1.8 6.85) (end 10.55 6.85) (layer F.CrtYd) (width 0.05))
    (fp_line (start -1.8 -1.8) (end -1.8 6.85) (layer F.CrtYd) (width 0.05))
    (fp_line (start -1.27 -1.27) (end 0 -1.27) (layer F.SilkS) (width 0.12))
    (fp_line (start -1.27 0) (end -1.27 -1.27) (layer F.SilkS) (width 0.12))
    (fp_line (start 1.042929 5.46) (end 1.44 5.46) (layer F.SilkS) (width 0.12))
    (fp_line (start 1.042929 4.7) (end 1.44 4.7) (layer F.SilkS) (width 0.12))
    (fp_line (start 10.1 5.46) (end 4.1 5.46) (layer F.SilkS) (width 0.12))
    (fp_line (start 10.1 4.7) (end 10.1 5.46) (layer F.SilkS) (width 0.12))
    (fp_line (start 4.1 4.7) (end 10.1 4.7) (layer F.SilkS) (width 0.12))
    (fp_line (start 1.44 3.81) (end 4.1 3.81) (layer F.SilkS) (width 0.12))
    (fp_line (start 1.042929 2.92) (end 1.44 2.92) (layer F.SilkS) (width 0.12))
    (fp_line (start 1.042929 2.16) (end 1.44 2.16) (layer F.SilkS) (width 0.12))
    (fp_line (start 10.1 2.92) (end 4.1 2.92) (layer F.SilkS) (width 0.12))
    (fp_line (start 10.1 2.16) (end 10.1 2.92) (layer F.SilkS) (width 0.12))
    (fp_line (start 4.1 2.16) (end 10.1 2.16) (layer F.SilkS) (width 0.12))
    (fp_line (start 1.44 1.27) (end 4.1 1.27) (layer F.SilkS) (width 0.12))
    (fp_line (start 1.11 0.38) (end 1.44 0.38) (layer F.SilkS) (width 0.12))
    (fp_line (start 1.11 -0.38) (end 1.44 -0.38) (layer F.SilkS) (width 0.12))
    (fp_line (start 4.1 0.28) (end 10.1 0.28) (layer F.SilkS) (width 0.12))
    (fp_line (start 4.1 0.16) (end 10.1 0.16) (layer F.SilkS) (width 0.12))
    (fp_line (start 4.1 0.04) (end 10.1 0.04) (layer F.SilkS) (width 0.12))
    (fp_line (start 4.1 -0.08) (end 10.1 -0.08) (layer F.SilkS) (width 0.12))
    (fp_line (start 4.1 -0.2) (end 10.1 -0.2) (layer F.SilkS) (width 0.12))
    (fp_line (start 4.1 -0.32) (end 10.1 -0.32) (layer F.SilkS) (width 0.12))
    (fp_line (start 10.1 0.38) (end 4.1 0.38) (layer F.SilkS) (width 0.12))
    (fp_line (start 10.1 -0.38) (end 10.1 0.38) (layer F.SilkS) (width 0.12))
    (fp_line (start 4.1 -0.38) (end 10.1 -0.38) (layer F.SilkS) (width 0.12))
    (fp_line (start 4.1 -1.33) (end 1.44 -1.33) (layer F.SilkS) (width 0.12))
    (fp_line (start 4.1 6.41) (end 4.1 -1.33) (layer F.SilkS) (width 0.12))
    (fp_line (start 1.44 6.41) (end 4.1 6.41) (layer F.SilkS) (width 0.12))
    (fp_line (start 1.44 -1.33) (end 1.44 6.41) (layer F.SilkS) (width 0.12))
    (fp_line (start 4.04 5.4) (end 10.04 5.4) (layer F.Fab) (width 0.1))
    (fp_line (start 10.04 4.76) (end 10.04 5.4) (layer F.Fab) (width 0.1))
    (fp_line (start 4.04 4.76) (end 10.04 4.76) (layer F.Fab) (width 0.1))
    (fp_line (start -0.32 5.4) (end 1.5 5.4) (layer F.Fab) (width 0.1))
    (fp_line (start -0.32 4.76) (end -0.32 5.4) (layer F.Fab) (width 0.1))
    (fp_line (start -0.32 4.76) (end 1.5 4.76) (layer F.Fab) (width 0.1))
    (fp_line (start 4.04 2.86) (end 10.04 2.86) (layer F.Fab) (width 0.1))
    (fp_line (start 10.04 2.22) (end 10.04 2.86) (layer F.Fab) (width 0.1))
    (fp_line (start 4.04 2.22) (end 10.04 2.22) (layer F.Fab) (width 0.1))
    (fp_line (start -0.32 2.86) (end 1.5 2.86) (layer F.Fab) (width 0.1))
    (fp_line (start -0.32 2.22) (end -0.32 2.86) (layer F.Fab) (width 0.1))
    (fp_line (start -0.32 2.22) (end 1.5 2.22) (layer F.Fab) (width 0.1))
    (fp_line (start 4.04 0.32) (end 10.04 0.32) (layer F.Fab) (width 0.1))
    (fp_line (start 10.04 -0.32) (end 10.04 0.32) (layer F.Fab) (width 0.1))
    (fp_line (start 4.04 -0.32) (end 10.04 -0.32) (layer F.Fab) (width 0.1))
    (fp_line (start -0.32 0.32) (end 1.5 0.32) (layer F.Fab) (width 0.1))
    (fp_line (start -0.32 -0.32) (end -0.32 0.32) (layer F.Fab) (width 0.1))
    (fp_line (start -0.32 -0.32) (end 1.5 -0.32) (layer F.Fab) (width 0.1))
    (fp_line (start 1.5 -0.635) (end 2.135 -1.27) (layer F.Fab) (width 0.1))
    (fp_line (start 1.5 6.35) (end 1.5 -0.635) (layer F.Fab) (width 0.1))
    (fp_line (start 4.04 6.35) (end 1.5 6.35) (layer F.Fab) (width 0.1))
    (fp_line (start 4.04 -1.27) (end 4.04 6.35) (layer F.Fab) (width 0.1))
    (fp_line (start 2.135 -1.27) (end 4.04 -1.27) (layer F.Fab) (width 0.1))
    (pad 3 thru_hole oval (at 0 5.08) (size 1.7 1.7) (drill 1) (layers *.Cu *.Mask)
      (net 5 +5V))
    (pad 2 thru_hole oval (at 0 2.54) (size 1.7 1.7) (drill 1) (layers *.Cu *.Mask)
      (net 1 GND))
    (pad 1 thru_hole rect (at 0 0) (size 1.7 1.7) (drill 1) (layers *.Cu *.Mask)
      (net 6 RPM))
    (model ${KISYS3DMOD}/Pin_Headers.3dshapes/Pin_Header_Angled_1x03_Pitch2.54mm.wrl
      (at (xyz 0 0 0))
      (scale (xyz 1 1 1))
      (rotate (xyz 0 0 0))
    )
  )

  (module Resistors_THT:R_Axial_DIN0207_L6.3mm_D2.5mm_P10.16mm_Horizontal (layer F.Cu) (tedit 5874F706) (tstamp 5B8EB7CB)
    (at 124.46 90.17)
    (descr "Resistor, Axial_DIN0207 series, Axial, Horizontal, pin pitch=10.16mm, 0.25W = 1/4W, length*diameter=6.3*2.5mm^2, http://cdn-reichelt.de/documents/datenblatt/B400/1_4W%23YAG.pdf")
    (tags "Resistor Axial_DIN0207 series Axial Horizontal pin pitch 10.16mm 0.25W = 1/4W length 6.3mm diameter 2.5mm")
    (path /5B8EB74D)
    (fp_text reference R1 (at 5.08 -2.31) (layer F.SilkS)
      (effects (font (size 1 1) (thickness 0.15)))
    )
    (fp_text value 10k/22k (at 5.08 2.31) (layer F.Fab)
      (effects (font (size 1 1) (thickness 0.15)))
    )
    (fp_line (start 11.25 -1.6) (end -1.05 -1.6) (layer F.CrtYd) (width 0.05))
    (fp_line (start 11.25 1.6) (end 11.25 -1.6) (layer F.CrtYd) (width 0.05))
    (fp_line (start -1.05 1.6) (end 11.25 1.6) (layer F.CrtYd) (width 0.05))
    (fp_line (start -1.05 -1.6) (end -1.05 1.6) (layer F.CrtYd) (width 0.05))
    (fp_line (start 9.18 0) (end 8.29 0) (layer F.SilkS) (width 0.12))
    (fp_line (start 0.98 0) (end 1.87 0) (layer F.SilkS) (width 0.12))
    (fp_line (start 8.29 -1.31) (end 1.87 -1.31) (layer F.SilkS) (width 0.12))
    (fp_line (start 8.29 1.31) (end 8.29 -1.31) (layer F.SilkS) (width 0.12))
    (fp_line (start 1.87 1.31) (end 8.29 1.31) (layer F.SilkS) (width 0.12))
    (fp_line (start 1.87 -1.31) (end 1.87 1.31) (layer F.SilkS) (width 0.12))
    (fp_line (start 10.16 0) (end 8.23 0) (layer F.Fab) (width 0.1))
    (fp_line (start 0 0) (end 1.93 0) (layer F.Fab) (width 0.1))
    (fp_line (start 8.23 -1.25) (end 1.93 -1.25) (layer F.Fab) (width 0.1))
    (fp_line (start 8.23 1.25) (end 8.23 -1.25) (layer F.Fab) (width 0.1))
    (fp_line (start 1.93 1.25) (end 8.23 1.25) (layer F.Fab) (width 0.1))
    (fp_line (start 1.93 -1.25) (end 1.93 1.25) (layer F.Fab) (width 0.1))
    (pad 2 thru_hole oval (at 10.16 0) (size 1.6 1.6) (drill 0.8) (layers *.Cu *.Mask)
      (net 7 "Net-(R1-Pad2)"))
    (pad 1 thru_hole circle (at 0 0) (size 1.6 1.6) (drill 0.8) (layers *.Cu *.Mask)
      (net 3 "Net-(J1-Pad1)"))
    (model ${KISYS3DMOD}/Resistors_THT.3dshapes/R_Axial_DIN0207_L6.3mm_D2.5mm_P10.16mm_Horizontal.wrl
      (at (xyz 0 0 0))
      (scale (xyz 0.393701 0.393701 0.393701))
      (rotate (xyz 0 0 0))
    )
  )

  (module Resistors_SMD:R_1206_HandSoldering (layer B.Cu) (tedit 58E0A804) (tstamp 5B8EB7DC)
    (at 137.16 85.09 270)
    (descr "Resistor SMD 1206, hand soldering")
    (tags "resistor 1206")
    (path /5B8EB4CA)
    (attr smd)
    (fp_text reference R2 (at 0 1.85 270) (layer B.SilkS)
      (effects (font (size 1 1) (thickness 0.15)) (justify mirror))
    )
    (fp_text value 470 (at 0 -1.9 270) (layer B.Fab)
      (effects (font (size 1 1) (thickness 0.15)) (justify mirror))
    )
    (fp_text user %R (at 0 0 270) (layer B.Fab)
      (effects (font (size 0.7 0.7) (thickness 0.105)) (justify mirror))
    )
    (fp_line (start -1.6 -0.8) (end -1.6 0.8) (layer B.Fab) (width 0.1))
    (fp_line (start 1.6 -0.8) (end -1.6 -0.8) (layer B.Fab) (width 0.1))
    (fp_line (start 1.6 0.8) (end 1.6 -0.8) (layer B.Fab) (width 0.1))
    (fp_line (start -1.6 0.8) (end 1.6 0.8) (layer B.Fab) (width 0.1))
    (fp_line (start 1 -1.07) (end -1 -1.07) (layer B.SilkS) (width 0.12))
    (fp_line (start -1 1.07) (end 1 1.07) (layer B.SilkS) (width 0.12))
    (fp_line (start -3.25 1.11) (end 3.25 1.11) (layer B.CrtYd) (width 0.05))
    (fp_line (start -3.25 1.11) (end -3.25 -1.1) (layer B.CrtYd) (width 0.05))
    (fp_line (start 3.25 -1.1) (end 3.25 1.11) (layer B.CrtYd) (width 0.05))
    (fp_line (start 3.25 -1.1) (end -3.25 -1.1) (layer B.CrtYd) (width 0.05))
    (pad 1 smd rect (at -2 0 270) (size 2 1.7) (layers B.Cu B.Paste B.Mask)
      (net 5 +5V))
    (pad 2 smd rect (at 2 0 270) (size 2 1.7) (layers B.Cu B.Paste B.Mask)
      (net 8 "Net-(R2-Pad2)"))
    (model ${KISYS3DMOD}/Resistors_SMD.3dshapes/R_1206.wrl
      (at (xyz 0 0 0))
      (scale (xyz 1 1 1))
      (rotate (xyz 0 0 0))
    )
  )

  (module Resistors_SMD:R_1206_HandSoldering (layer B.Cu) (tedit 58E0A804) (tstamp 5B8EB7ED)
    (at 137.16 95.25 270)
    (descr "Resistor SMD 1206, hand soldering")
    (tags "resistor 1206")
    (path /5B8EB4EA)
    (attr smd)
    (fp_text reference R3 (at 0 1.85 270) (layer B.SilkS)
      (effects (font (size 1 1) (thickness 0.15)) (justify mirror))
    )
    (fp_text value 470 (at 0 -1.9 270) (layer B.Fab)
      (effects (font (size 1 1) (thickness 0.15)) (justify mirror))
    )
    (fp_line (start 3.25 -1.1) (end -3.25 -1.1) (layer B.CrtYd) (width 0.05))
    (fp_line (start 3.25 -1.1) (end 3.25 1.11) (layer B.CrtYd) (width 0.05))
    (fp_line (start -3.25 1.11) (end -3.25 -1.1) (layer B.CrtYd) (width 0.05))
    (fp_line (start -3.25 1.11) (end 3.25 1.11) (layer B.CrtYd) (width 0.05))
    (fp_line (start -1 1.07) (end 1 1.07) (layer B.SilkS) (width 0.12))
    (fp_line (start 1 -1.07) (end -1 -1.07) (layer B.SilkS) (width 0.12))
    (fp_line (start -1.6 0.8) (end 1.6 0.8) (layer B.Fab) (width 0.1))
    (fp_line (start 1.6 0.8) (end 1.6 -0.8) (layer B.Fab) (width 0.1))
    (fp_line (start 1.6 -0.8) (end -1.6 -0.8) (layer B.Fab) (width 0.1))
    (fp_line (start -1.6 -0.8) (end -1.6 0.8) (layer B.Fab) (width 0.1))
    (fp_text user %R (at 0 0 270) (layer B.Fab)
      (effects (font (size 0.7 0.7) (thickness 0.105)) (justify mirror))
    )
    (pad 2 smd rect (at 2 0 270) (size 2 1.7) (layers B.Cu B.Paste B.Mask)
      (net 1 GND))
    (pad 1 smd rect (at -2 0 270) (size 2 1.7) (layers B.Cu B.Paste B.Mask)
      (net 8 "Net-(R2-Pad2)"))
    (model ${KISYS3DMOD}/Resistors_SMD.3dshapes/R_1206.wrl
      (at (xyz 0 0 0))
      (scale (xyz 1 1 1))
      (rotate (xyz 0 0 0))
    )
  )

  (module Resistors_SMD:R_1206_HandSoldering (layer B.Cu) (tedit 58E0A804) (tstamp 5B8EB7FE)
    (at 139.7 90.17 90)
    (descr "Resistor SMD 1206, hand soldering")
    (tags "resistor 1206")
    (path /5B8F074B)
    (attr smd)
    (fp_text reference R4 (at 0 1.85 90) (layer B.SilkS)
      (effects (font (size 1 1) (thickness 0.15)) (justify mirror))
    )
    (fp_text value 470 (at 0 -1.9 90) (layer B.Fab)
      (effects (font (size 1 1) (thickness 0.15)) (justify mirror))
    )
    (fp_text user %R (at 0 0 90) (layer B.Fab)
      (effects (font (size 0.7 0.7) (thickness 0.105)) (justify mirror))
    )
    (fp_line (start -1.6 -0.8) (end -1.6 0.8) (layer B.Fab) (width 0.1))
    (fp_line (start 1.6 -0.8) (end -1.6 -0.8) (layer B.Fab) (width 0.1))
    (fp_line (start 1.6 0.8) (end 1.6 -0.8) (layer B.Fab) (width 0.1))
    (fp_line (start -1.6 0.8) (end 1.6 0.8) (layer B.Fab) (width 0.1))
    (fp_line (start 1 -1.07) (end -1 -1.07) (layer B.SilkS) (width 0.12))
    (fp_line (start -1 1.07) (end 1 1.07) (layer B.SilkS) (width 0.12))
    (fp_line (start -3.25 1.11) (end 3.25 1.11) (layer B.CrtYd) (width 0.05))
    (fp_line (start -3.25 1.11) (end -3.25 -1.1) (layer B.CrtYd) (width 0.05))
    (fp_line (start 3.25 -1.1) (end 3.25 1.11) (layer B.CrtYd) (width 0.05))
    (fp_line (start 3.25 -1.1) (end -3.25 -1.1) (layer B.CrtYd) (width 0.05))
    (pad 1 smd rect (at -2 0 90) (size 2 1.7) (layers B.Cu B.Paste B.Mask)
      (net 2 "Net-(C1-Pad1)"))
    (pad 2 smd rect (at 2 0 90) (size 2 1.7) (layers B.Cu B.Paste B.Mask)
      (net 8 "Net-(R2-Pad2)"))
    (model ${KISYS3DMOD}/Resistors_SMD.3dshapes/R_1206.wrl
      (at (xyz 0 0 0))
      (scale (xyz 1 1 1))
      (rotate (xyz 0 0 0))
    )
  )

  (module Resistors_SMD:R_1206_HandSoldering (layer B.Cu) (tedit 58E0A804) (tstamp 5B8EB80F)
    (at 147.32 88.9 270)
    (descr "Resistor SMD 1206, hand soldering")
    (tags "resistor 1206")
    (path /5B8EABFC)
    (attr smd)
    (fp_text reference R5 (at 0 1.85 270) (layer B.SilkS)
      (effects (font (size 1 1) (thickness 0.15)) (justify mirror))
    )
    (fp_text value 220 (at 0 -1.9 270) (layer B.Fab)
      (effects (font (size 1 1) (thickness 0.15)) (justify mirror))
    )
    (fp_line (start 3.25 -1.1) (end -3.25 -1.1) (layer B.CrtYd) (width 0.05))
    (fp_line (start 3.25 -1.1) (end 3.25 1.11) (layer B.CrtYd) (width 0.05))
    (fp_line (start -3.25 1.11) (end -3.25 -1.1) (layer B.CrtYd) (width 0.05))
    (fp_line (start -3.25 1.11) (end 3.25 1.11) (layer B.CrtYd) (width 0.05))
    (fp_line (start -1 1.07) (end 1 1.07) (layer B.SilkS) (width 0.12))
    (fp_line (start 1 -1.07) (end -1 -1.07) (layer B.SilkS) (width 0.12))
    (fp_line (start -1.6 0.8) (end 1.6 0.8) (layer B.Fab) (width 0.1))
    (fp_line (start 1.6 0.8) (end 1.6 -0.8) (layer B.Fab) (width 0.1))
    (fp_line (start 1.6 -0.8) (end -1.6 -0.8) (layer B.Fab) (width 0.1))
    (fp_line (start -1.6 -0.8) (end -1.6 0.8) (layer B.Fab) (width 0.1))
    (fp_text user %R (at 0 0 270) (layer B.Fab)
      (effects (font (size 0.7 0.7) (thickness 0.105)) (justify mirror))
    )
    (pad 2 smd rect (at 2 0 270) (size 2 1.7) (layers B.Cu B.Paste B.Mask)
      (net 9 "Net-(R5-Pad2)"))
    (pad 1 smd rect (at -2 0 270) (size 2 1.7) (layers B.Cu B.Paste B.Mask)
      (net 10 "Net-(R5-Pad1)"))
    (model ${KISYS3DMOD}/Resistors_SMD.3dshapes/R_1206.wrl
      (at (xyz 0 0 0))
      (scale (xyz 1 1 1))
      (rotate (xyz 0 0 0))
    )
  )

  (module Resistors_SMD:R_1206_HandSoldering (layer B.Cu) (tedit 58E0A804) (tstamp 5B8EB820)
    (at 155.575 97.155 180)
    (descr "Resistor SMD 1206, hand soldering")
    (tags "resistor 1206")
    (path /5B8F83BF)
    (attr smd)
    (fp_text reference R6 (at 0 1.85 180) (layer B.SilkS)
      (effects (font (size 1 1) (thickness 0.15)) (justify mirror))
    )
    (fp_text value 1k (at 0 -1.9 180) (layer B.Fab)
      (effects (font (size 1 1) (thickness 0.15)) (justify mirror))
    )
    (fp_line (start 3.25 -1.1) (end -3.25 -1.1) (layer B.CrtYd) (width 0.05))
    (fp_line (start 3.25 -1.1) (end 3.25 1.11) (layer B.CrtYd) (width 0.05))
    (fp_line (start -3.25 1.11) (end -3.25 -1.1) (layer B.CrtYd) (width 0.05))
    (fp_line (start -3.25 1.11) (end 3.25 1.11) (layer B.CrtYd) (width 0.05))
    (fp_line (start -1 1.07) (end 1 1.07) (layer B.SilkS) (width 0.12))
    (fp_line (start 1 -1.07) (end -1 -1.07) (layer B.SilkS) (width 0.12))
    (fp_line (start -1.6 0.8) (end 1.6 0.8) (layer B.Fab) (width 0.1))
    (fp_line (start 1.6 0.8) (end 1.6 -0.8) (layer B.Fab) (width 0.1))
    (fp_line (start 1.6 -0.8) (end -1.6 -0.8) (layer B.Fab) (width 0.1))
    (fp_line (start -1.6 -0.8) (end -1.6 0.8) (layer B.Fab) (width 0.1))
    (fp_text user %R (at 0 0 180) (layer B.Fab)
      (effects (font (size 0.7 0.7) (thickness 0.105)) (justify mirror))
    )
    (pad 2 smd rect (at 2 0 180) (size 2 1.7) (layers B.Cu B.Paste B.Mask)
      (net 11 "Net-(R6-Pad2)"))
    (pad 1 smd rect (at -2 0 180) (size 2 1.7) (layers B.Cu B.Paste B.Mask)
      (net 5 +5V))
    (model ${KISYS3DMOD}/Resistors_SMD.3dshapes/R_1206.wrl
      (at (xyz 0 0 0))
      (scale (xyz 1 1 1))
      (rotate (xyz 0 0 0))
    )
  )

  (module Resistors_SMD:R_1206_HandSoldering (layer B.Cu) (tedit 58E0A804) (tstamp 5B8EB831)
    (at 147.32 97.79 180)
    (descr "Resistor SMD 1206, hand soldering")
    (tags "resistor 1206")
    (path /5B8F83F5)
    (attr smd)
    (fp_text reference R7 (at 0 1.85 180) (layer B.SilkS)
      (effects (font (size 1 1) (thickness 0.15)) (justify mirror))
    )
    (fp_text value 1k (at 0 -1.9 180) (layer B.Fab)
      (effects (font (size 1 1) (thickness 0.15)) (justify mirror))
    )
    (fp_text user %R (at 0 0 180) (layer B.Fab)
      (effects (font (size 0.7 0.7) (thickness 0.105)) (justify mirror))
    )
    (fp_line (start -1.6 -0.8) (end -1.6 0.8) (layer B.Fab) (width 0.1))
    (fp_line (start 1.6 -0.8) (end -1.6 -0.8) (layer B.Fab) (width 0.1))
    (fp_line (start 1.6 0.8) (end 1.6 -0.8) (layer B.Fab) (width 0.1))
    (fp_line (start -1.6 0.8) (end 1.6 0.8) (layer B.Fab) (width 0.1))
    (fp_line (start 1 -1.07) (end -1 -1.07) (layer B.SilkS) (width 0.12))
    (fp_line (start -1 1.07) (end 1 1.07) (layer B.SilkS) (width 0.12))
    (fp_line (start -3.25 1.11) (end 3.25 1.11) (layer B.CrtYd) (width 0.05))
    (fp_line (start -3.25 1.11) (end -3.25 -1.1) (layer B.CrtYd) (width 0.05))
    (fp_line (start 3.25 -1.1) (end 3.25 1.11) (layer B.CrtYd) (width 0.05))
    (fp_line (start 3.25 -1.1) (end -3.25 -1.1) (layer B.CrtYd) (width 0.05))
    (pad 1 smd rect (at -2 0 180) (size 2 1.7) (layers B.Cu B.Paste B.Mask)
      (net 11 "Net-(R6-Pad2)"))
    (pad 2 smd rect (at 2 0 180) (size 2 1.7) (layers B.Cu B.Paste B.Mask)
      (net 1 GND))
    (model ${KISYS3DMOD}/Resistors_SMD.3dshapes/R_1206.wrl
      (at (xyz 0 0 0))
      (scale (xyz 1 1 1))
      (rotate (xyz 0 0 0))
    )
  )

  (module Resistors_SMD:R_1206_HandSoldering (layer B.Cu) (tedit 58E0A804) (tstamp 5B8EB842)
    (at 152.4 91.44 270)
    (descr "Resistor SMD 1206, hand soldering")
    (tags "resistor 1206")
    (path /5B8F8422)
    (attr smd)
    (fp_text reference R8 (at 0 1.85 270) (layer B.SilkS)
      (effects (font (size 1 1) (thickness 0.15)) (justify mirror))
    )
    (fp_text value 10k (at 0 -1.9 270) (layer B.Fab)
      (effects (font (size 1 1) (thickness 0.15)) (justify mirror))
    )
    (fp_line (start 3.25 -1.1) (end -3.25 -1.1) (layer B.CrtYd) (width 0.05))
    (fp_line (start 3.25 -1.1) (end 3.25 1.11) (layer B.CrtYd) (width 0.05))
    (fp_line (start -3.25 1.11) (end -3.25 -1.1) (layer B.CrtYd) (width 0.05))
    (fp_line (start -3.25 1.11) (end 3.25 1.11) (layer B.CrtYd) (width 0.05))
    (fp_line (start -1 1.07) (end 1 1.07) (layer B.SilkS) (width 0.12))
    (fp_line (start 1 -1.07) (end -1 -1.07) (layer B.SilkS) (width 0.12))
    (fp_line (start -1.6 0.8) (end 1.6 0.8) (layer B.Fab) (width 0.1))
    (fp_line (start 1.6 0.8) (end 1.6 -0.8) (layer B.Fab) (width 0.1))
    (fp_line (start 1.6 -0.8) (end -1.6 -0.8) (layer B.Fab) (width 0.1))
    (fp_line (start -1.6 -0.8) (end -1.6 0.8) (layer B.Fab) (width 0.1))
    (fp_text user %R (at 0 0 270) (layer B.Fab)
      (effects (font (size 0.7 0.7) (thickness 0.105)) (justify mirror))
    )
    (pad 2 smd rect (at 2 0 270) (size 2 1.7) (layers B.Cu B.Paste B.Mask)
      (net 9 "Net-(R5-Pad2)"))
    (pad 1 smd rect (at -2 0 270) (size 2 1.7) (layers B.Cu B.Paste B.Mask)
      (net 12 "Net-(R8-Pad1)"))
    (model ${KISYS3DMOD}/Resistors_SMD.3dshapes/R_1206.wrl
      (at (xyz 0 0 0))
      (scale (xyz 1 1 1))
      (rotate (xyz 0 0 0))
    )
  )

  (module Resistors_SMD:R_1206_HandSoldering (layer B.Cu) (tedit 58E0A804) (tstamp 5B8EB853)
    (at 154.94 86.36)
    (descr "Resistor SMD 1206, hand soldering")
    (tags "resistor 1206")
    (path /5B900D79)
    (attr smd)
    (fp_text reference R9 (at 0 1.85) (layer B.SilkS)
      (effects (font (size 1 1) (thickness 0.15)) (justify mirror))
    )
    (fp_text value 1k (at 0 -1.9) (layer B.Fab)
      (effects (font (size 1 1) (thickness 0.15)) (justify mirror))
    )
    (fp_text user %R (at 0 0) (layer B.Fab)
      (effects (font (size 0.7 0.7) (thickness 0.105)) (justify mirror))
    )
    (fp_line (start -1.6 -0.8) (end -1.6 0.8) (layer B.Fab) (width 0.1))
    (fp_line (start 1.6 -0.8) (end -1.6 -0.8) (layer B.Fab) (width 0.1))
    (fp_line (start 1.6 0.8) (end 1.6 -0.8) (layer B.Fab) (width 0.1))
    (fp_line (start -1.6 0.8) (end 1.6 0.8) (layer B.Fab) (width 0.1))
    (fp_line (start 1 -1.07) (end -1 -1.07) (layer B.SilkS) (width 0.12))
    (fp_line (start -1 1.07) (end 1 1.07) (layer B.SilkS) (width 0.12))
    (fp_line (start -3.25 1.11) (end 3.25 1.11) (layer B.CrtYd) (width 0.05))
    (fp_line (start -3.25 1.11) (end -3.25 -1.1) (layer B.CrtYd) (width 0.05))
    (fp_line (start 3.25 -1.1) (end 3.25 1.11) (layer B.CrtYd) (width 0.05))
    (fp_line (start 3.25 -1.1) (end -3.25 -1.1) (layer B.CrtYd) (width 0.05))
    (pad 1 smd rect (at -2 0) (size 2 1.7) (layers B.Cu B.Paste B.Mask)
      (net 12 "Net-(R8-Pad1)"))
    (pad 2 smd rect (at 2 0) (size 2 1.7) (layers B.Cu B.Paste B.Mask)
      (net 6 RPM))
    (model ${KISYS3DMOD}/Resistors_SMD.3dshapes/R_1206.wrl
      (at (xyz 0 0 0))
      (scale (xyz 1 1 1))
      (rotate (xyz 0 0 0))
    )
  )

  (module Housings_DIP:DIP-8_W7.62mm (layer F.Cu) (tedit 59C78D6B) (tstamp 5B8EB86F)
    (at 142.24 86.36)
    (descr "8-lead though-hole mounted DIP package, row spacing 7.62 mm (300 mils)")
    (tags "THT DIP DIL PDIP 2.54mm 7.62mm 300mil")
    (path /5B8EB24C)
    (fp_text reference U3 (at 3.81 -2.33) (layer F.SilkS)
      (effects (font (size 1 1) (thickness 0.15)))
    )
    (fp_text value MCP6002-xP (at 3.81 9.95) (layer F.Fab)
      (effects (font (size 1 1) (thickness 0.15)))
    )
    (fp_text user %R (at 3.81 3.81) (layer F.Fab)
      (effects (font (size 1 1) (thickness 0.15)))
    )
    (fp_line (start 8.7 -1.55) (end -1.1 -1.55) (layer F.CrtYd) (width 0.05))
    (fp_line (start 8.7 9.15) (end 8.7 -1.55) (layer F.CrtYd) (width 0.05))
    (fp_line (start -1.1 9.15) (end 8.7 9.15) (layer F.CrtYd) (width 0.05))
    (fp_line (start -1.1 -1.55) (end -1.1 9.15) (layer F.CrtYd) (width 0.05))
    (fp_line (start 6.46 -1.33) (end 4.81 -1.33) (layer F.SilkS) (width 0.12))
    (fp_line (start 6.46 8.95) (end 6.46 -1.33) (layer F.SilkS) (width 0.12))
    (fp_line (start 1.16 8.95) (end 6.46 8.95) (layer F.SilkS) (width 0.12))
    (fp_line (start 1.16 -1.33) (end 1.16 8.95) (layer F.SilkS) (width 0.12))
    (fp_line (start 2.81 -1.33) (end 1.16 -1.33) (layer F.SilkS) (width 0.12))
    (fp_line (start 0.635 -0.27) (end 1.635 -1.27) (layer F.Fab) (width 0.1))
    (fp_line (start 0.635 8.89) (end 0.635 -0.27) (layer F.Fab) (width 0.1))
    (fp_line (start 6.985 8.89) (end 0.635 8.89) (layer F.Fab) (width 0.1))
    (fp_line (start 6.985 -1.27) (end 6.985 8.89) (layer F.Fab) (width 0.1))
    (fp_line (start 1.635 -1.27) (end 6.985 -1.27) (layer F.Fab) (width 0.1))
    (fp_arc (start 3.81 -1.33) (end 2.81 -1.33) (angle -180) (layer F.SilkS) (width 0.12))
    (pad 8 thru_hole oval (at 7.62 0) (size 1.6 1.6) (drill 0.8) (layers *.Cu *.Mask)
      (net 5 +5V))
    (pad 4 thru_hole oval (at 0 7.62) (size 1.6 1.6) (drill 0.8) (layers *.Cu *.Mask)
      (net 1 GND))
    (pad 7 thru_hole oval (at 7.62 2.54) (size 1.6 1.6) (drill 0.8) (layers *.Cu *.Mask)
      (net 12 "Net-(R8-Pad1)"))
    (pad 3 thru_hole oval (at 0 5.08) (size 1.6 1.6) (drill 0.8) (layers *.Cu *.Mask)
      (net 2 "Net-(C1-Pad1)"))
    (pad 6 thru_hole oval (at 7.62 5.08) (size 1.6 1.6) (drill 0.8) (layers *.Cu *.Mask)
      (net 11 "Net-(R6-Pad2)"))
    (pad 2 thru_hole oval (at 0 2.54) (size 1.6 1.6) (drill 0.8) (layers *.Cu *.Mask)
      (net 10 "Net-(R5-Pad1)"))
    (pad 5 thru_hole oval (at 7.62 7.62) (size 1.6 1.6) (drill 0.8) (layers *.Cu *.Mask)
      (net 9 "Net-(R5-Pad2)"))
    (pad 1 thru_hole rect (at 0 0) (size 1.6 1.6) (drill 0.8) (layers *.Cu *.Mask)
      (net 10 "Net-(R5-Pad1)"))
    (model ${KISYS3DMOD}/Housings_DIP.3dshapes/DIP-8_W7.62mm.wrl
      (at (xyz 0 0 0))
      (scale (xyz 1 1 1))
      (rotate (xyz 0 0 0))
    )
  )

  (module Housings_DIP:DIP-4_W7.62mm (layer F.Cu) (tedit 59C78D6B) (tstamp 5B8ECBC1)
    (at 132.08 82.55)
    (descr "4-lead though-hole mounted DIP package, row spacing 7.62 mm (300 mils)")
    (tags "THT DIP DIL PDIP 2.54mm 7.62mm 300mil")
    (path /5B8EAB69)
    (fp_text reference U1 (at 3.81 -2.33) (layer F.SilkS)
      (effects (font (size 1 1) (thickness 0.15)))
    )
    (fp_text value PC817 (at 3.81 4.87) (layer F.Fab)
      (effects (font (size 1 1) (thickness 0.15)))
    )
    (fp_text user %R (at 3.81 1.27) (layer F.Fab)
      (effects (font (size 1 1) (thickness 0.15)))
    )
    (fp_line (start 8.7 -1.55) (end -1.1 -1.55) (layer F.CrtYd) (width 0.05))
    (fp_line (start 8.7 4.1) (end 8.7 -1.55) (layer F.CrtYd) (width 0.05))
    (fp_line (start -1.1 4.1) (end 8.7 4.1) (layer F.CrtYd) (width 0.05))
    (fp_line (start -1.1 -1.55) (end -1.1 4.1) (layer F.CrtYd) (width 0.05))
    (fp_line (start 6.46 -1.33) (end 4.81 -1.33) (layer F.SilkS) (width 0.12))
    (fp_line (start 6.46 3.87) (end 6.46 -1.33) (layer F.SilkS) (width 0.12))
    (fp_line (start 1.16 3.87) (end 6.46 3.87) (layer F.SilkS) (width 0.12))
    (fp_line (start 1.16 -1.33) (end 1.16 3.87) (layer F.SilkS) (width 0.12))
    (fp_line (start 2.81 -1.33) (end 1.16 -1.33) (layer F.SilkS) (width 0.12))
    (fp_line (start 0.635 -0.27) (end 1.635 -1.27) (layer F.Fab) (width 0.1))
    (fp_line (start 0.635 3.81) (end 0.635 -0.27) (layer F.Fab) (width 0.1))
    (fp_line (start 6.985 3.81) (end 0.635 3.81) (layer F.Fab) (width 0.1))
    (fp_line (start 6.985 -1.27) (end 6.985 3.81) (layer F.Fab) (width 0.1))
    (fp_line (start 1.635 -1.27) (end 6.985 -1.27) (layer F.Fab) (width 0.1))
    (fp_arc (start 3.81 -1.33) (end 2.81 -1.33) (angle -180) (layer F.SilkS) (width 0.12))
    (pad 4 thru_hole oval (at 7.62 0) (size 1.6 1.6) (drill 0.8) (layers *.Cu *.Mask)
      (net 5 +5V))
    (pad 2 thru_hole oval (at 0 2.54) (size 1.6 1.6) (drill 0.8) (layers *.Cu *.Mask)
      (net 4 "Net-(J2-Pad1)"))
    (pad 3 thru_hole oval (at 7.62 2.54) (size 1.6 1.6) (drill 0.8) (layers *.Cu *.Mask)
      (net 8 "Net-(R2-Pad2)"))
    (pad 1 thru_hole rect (at 0 0) (size 1.6 1.6) (drill 0.8) (layers *.Cu *.Mask)
      (net 7 "Net-(R1-Pad2)"))
    (model ${KISYS3DMOD}/Housings_DIP.3dshapes/DIP-4_W7.62mm.wrl
      (at (xyz 0 0 0))
      (scale (xyz 1 1 1))
      (rotate (xyz 0 0 0))
    )
  )

  (module Housings_DIP:DIP-4_W7.62mm (layer F.Cu) (tedit 59C78D6B) (tstamp 5B8ECBD9)
    (at 132.08 95.25)
    (descr "4-lead though-hole mounted DIP package, row spacing 7.62 mm (300 mils)")
    (tags "THT DIP DIL PDIP 2.54mm 7.62mm 300mil")
    (path /5B8EABA7)
    (fp_text reference U2 (at 3.81 -2.33) (layer F.SilkS)
      (effects (font (size 1 1) (thickness 0.15)))
    )
    (fp_text value PC817 (at 3.81 4.87) (layer F.Fab)
      (effects (font (size 1 1) (thickness 0.15)))
    )
    (fp_arc (start 3.81 -1.33) (end 2.81 -1.33) (angle -180) (layer F.SilkS) (width 0.12))
    (fp_line (start 1.635 -1.27) (end 6.985 -1.27) (layer F.Fab) (width 0.1))
    (fp_line (start 6.985 -1.27) (end 6.985 3.81) (layer F.Fab) (width 0.1))
    (fp_line (start 6.985 3.81) (end 0.635 3.81) (layer F.Fab) (width 0.1))
    (fp_line (start 0.635 3.81) (end 0.635 -0.27) (layer F.Fab) (width 0.1))
    (fp_line (start 0.635 -0.27) (end 1.635 -1.27) (layer F.Fab) (width 0.1))
    (fp_line (start 2.81 -1.33) (end 1.16 -1.33) (layer F.SilkS) (width 0.12))
    (fp_line (start 1.16 -1.33) (end 1.16 3.87) (layer F.SilkS) (width 0.12))
    (fp_line (start 1.16 3.87) (end 6.46 3.87) (layer F.SilkS) (width 0.12))
    (fp_line (start 6.46 3.87) (end 6.46 -1.33) (layer F.SilkS) (width 0.12))
    (fp_line (start 6.46 -1.33) (end 4.81 -1.33) (layer F.SilkS) (width 0.12))
    (fp_line (start -1.1 -1.55) (end -1.1 4.1) (layer F.CrtYd) (width 0.05))
    (fp_line (start -1.1 4.1) (end 8.7 4.1) (layer F.CrtYd) (width 0.05))
    (fp_line (start 8.7 4.1) (end 8.7 -1.55) (layer F.CrtYd) (width 0.05))
    (fp_line (start 8.7 -1.55) (end -1.1 -1.55) (layer F.CrtYd) (width 0.05))
    (fp_text user %R (at 3.81 1.27) (layer F.Fab)
      (effects (font (size 1 1) (thickness 0.15)))
    )
    (pad 1 thru_hole rect (at 0 0) (size 1.6 1.6) (drill 0.8) (layers *.Cu *.Mask)
      (net 4 "Net-(J2-Pad1)"))
    (pad 3 thru_hole oval (at 7.62 2.54) (size 1.6 1.6) (drill 0.8) (layers *.Cu *.Mask)
      (net 1 GND))
    (pad 2 thru_hole oval (at 0 2.54) (size 1.6 1.6) (drill 0.8) (layers *.Cu *.Mask)
      (net 7 "Net-(R1-Pad2)"))
    (pad 4 thru_hole oval (at 7.62 0) (size 1.6 1.6) (drill 0.8) (layers *.Cu *.Mask)
      (net 8 "Net-(R2-Pad2)"))
    (model ${KISYS3DMOD}/Housings_DIP.3dshapes/DIP-4_W7.62mm.wrl
      (at (xyz 0 0 0))
      (scale (xyz 1 1 1))
      (rotate (xyz 0 0 0))
    )
  )

  (gr_line (start 124.46 100.33) (end 121.92 97.79) (angle 90) (layer Edge.Cuts) (width 0.15))
  (gr_line (start 158.75 100.33) (end 124.46 100.33) (angle 90) (layer Edge.Cuts) (width 0.15))
  (gr_line (start 161.29 97.79) (end 158.75 100.33) (angle 90) (layer Edge.Cuts) (width 0.15))
  (gr_line (start 161.29 82.55) (end 161.29 97.79) (angle 90) (layer Edge.Cuts) (width 0.15))
  (gr_line (start 158.75 80.01) (end 161.29 82.55) (angle 90) (layer Edge.Cuts) (width 0.15))
  (gr_line (start 124.46 80.01) (end 158.75 80.01) (angle 90) (layer Edge.Cuts) (width 0.15))
  (gr_line (start 121.92 82.55) (end 124.46 80.01) (angle 90) (layer Edge.Cuts) (width 0.15))
  (gr_line (start 121.92 97.79) (end 121.92 82.55) (angle 90) (layer Edge.Cuts) (width 0.15))
  (dimension 20.32 (width 0.3) (layer Cmts.User)
    (gr_text "20.320 mm" (at 117.28 90.17 90) (layer Cmts.User)
      (effects (font (size 1.5 1.5) (thickness 0.3)))
    )
    (feature1 (pts (xy 124.46 80.01) (xy 118.793579 80.01)))
    (feature2 (pts (xy 124.46 100.33) (xy 118.793579 100.33)))
    (crossbar (pts (xy 119.38 100.33) (xy 119.38 80.01)))
    (arrow1a (pts (xy 119.38 80.01) (xy 119.966421 81.136504)))
    (arrow1b (pts (xy 119.38 80.01) (xy 118.793579 81.136504)))
    (arrow2a (pts (xy 119.38 100.33) (xy 119.966421 99.203496)))
    (arrow2b (pts (xy 119.38 100.33) (xy 118.793579 99.203496)))
  )
  (dimension 39.37 (width 0.3) (layer Cmts.User)
    (gr_text "39.370 mm" (at 141.605 104.969999) (layer Cmts.User)
      (effects (font (size 1.5 1.5) (thickness 0.3)))
    )
    (feature1 (pts (xy 161.29 97.79) (xy 161.29 103.45642)))
    (feature2 (pts (xy 121.92 97.79) (xy 121.92 103.45642)))
    (crossbar (pts (xy 121.92 102.869999) (xy 161.29 102.869999)))
    (arrow1a (pts (xy 161.29 102.869999) (xy 160.163496 103.45642)))
    (arrow1b (pts (xy 161.29 102.869999) (xy 160.163496 102.283578)))
    (arrow2a (pts (xy 121.92 102.869999) (xy 123.046504 103.45642)))
    (arrow2b (pts (xy 121.92 102.869999) (xy 123.046504 102.283578)))
  )

  (segment (start 142.24 91.44) (end 144.05 91.44) (width 0.635) (layer B.Cu) (net 2) (status C00000))
  (segment (start 144.05 91.44) (end 144.78 90.71) (width 0.635) (layer B.Cu) (net 2) (tstamp 5B8F0053) (status C00000))
  (segment (start 142.24 91.44) (end 140.43 91.44) (width 0.635) (layer B.Cu) (net 2) (status C00000))
  (segment (start 140.43 91.44) (end 139.7 92.17) (width 0.635) (layer B.Cu) (net 2) (tstamp 5B8F0278) (status C00000))
  (segment (start 124.46 90.17) (end 124.46 86.36) (width 0.635) (layer B.Cu) (net 3) (status 400000))
  (segment (start 124.46 86.36) (end 127 83.82) (width 0.635) (layer B.Cu) (net 3) (tstamp 5B8F170D) (status 800000))
  (segment (start 132.08 95.25) (end 128.27 95.25) (width 0.635) (layer B.Cu) (net 4) (status 400000))
  (segment (start 128.27 95.25) (end 127 96.52) (width 0.635) (layer B.Cu) (net 4) (tstamp 5B8F1711) (status 800000))
  (segment (start 132.08 85.09) (end 132.08 95.25) (width 0.635) (layer B.Cu) (net 4) (status C00000))
  (segment (start 139.7 82.55) (end 137.7 82.55) (width 0.635) (layer B.Cu) (net 5) (status C00000))
  (segment (start 137.7 82.55) (end 137.16 83.09) (width 0.635) (layer B.Cu) (net 5) (tstamp 5B8F12CC) (status C00000))
  (segment (start 157.575 97.155) (end 157.575 94.075) (width 0.635) (layer B.Cu) (net 5) (status C00000))
  (segment (start 157.575 94.075) (end 157.48 93.98) (width 0.635) (layer B.Cu) (net 5) (tstamp 5B8F1F32) (status C00000))
  (segment (start 157.48 93.98) (end 158.75 93.98) (width 0.635) (layer B.Cu) (net 5) (status 400000))
  (segment (start 156.845 82.55) (end 149.86 82.55) (width 0.635) (layer B.Cu) (net 5))
  (segment (start 149.86 82.55) (end 139.7 82.55) (width 0.635) (layer B.Cu) (net 5) (tstamp 5B8F1F45) (status 800000))
  (segment (start 158.75 93.98) (end 159.385 93.345) (width 0.635) (layer B.Cu) (net 5) (tstamp 5B8F1F38))
  (segment (start 159.385 93.345) (end 159.385 85.09) (width 0.635) (layer B.Cu) (net 5) (tstamp 5B8F1F39))
  (segment (start 159.385 85.09) (end 156.845 82.55) (width 0.635) (layer B.Cu) (net 5) (tstamp 5B8F1F3A))
  (segment (start 149.86 86.36) (end 149.86 82.55) (width 0.635) (layer B.Cu) (net 5) (status 400000))
  (segment (start 157.48 88.9) (end 157.48 86.9) (width 0.635) (layer B.Cu) (net 6) (status C00000))
  (segment (start 157.48 86.9) (end 156.94 86.36) (width 0.635) (layer B.Cu) (net 6) (tstamp 5B8F24C8) (status C00000))
  (segment (start 134.62 90.17) (end 134.62 96.52) (width 0.635) (layer B.Cu) (net 7) (status 400000))
  (segment (start 133.35 97.79) (end 132.08 97.79) (width 0.635) (layer B.Cu) (net 7) (tstamp 5B8F1717) (status 800000))
  (segment (start 134.62 96.52) (end 133.35 97.79) (width 0.635) (layer B.Cu) (net 7) (tstamp 5B8F1716))
  (segment (start 132.08 82.55) (end 133.35 82.55) (width 0.635) (layer B.Cu) (net 7) (status 400000))
  (segment (start 134.62 83.82) (end 134.62 90.17) (width 0.635) (layer B.Cu) (net 7) (tstamp 5B8F171D) (status 800000))
  (segment (start 133.35 82.55) (end 134.62 83.82) (width 0.635) (layer B.Cu) (net 7) (tstamp 5B8F171C))
  (segment (start 137.7 92.71) (end 137.16 93.25) (width 0.635) (layer B.Cu) (net 8) (tstamp 5B8EEE31) (status C00030))
  (segment (start 139.16 87.63) (end 139.7 88.17) (width 0.635) (layer B.Cu) (net 8) (tstamp 5B8F0274) (status C00000))
